<?xml version="1.0" encoding="utf-8"?><svg xmlns="http://www.w3.org/2000/svg" xmlns:xlink="http://www.w3.org/1999/xlink" width="1107" height="704" preserveAspectRatio="xMidYMid" viewBox="0 0 1107 704" style="z-index:1;margin-right:-2px;display:block;background-color:rgb(255, 228, 123);animation-play-state:paused" ><g transform="translate(553.5,352) scale(1,1) translate(-553.5,-352)" style="transform:matrix(1, 0, 0, 1, 0, 0);animation-play-state:paused" ><style type="text/css" style="animation-play-state:paused" >@keyframes ld-fall {
    0%    { transform: translate(0,0px) rotate3d(1,1,1,0deg); }
    16.6% { transform: translate(0,119.33333333333333px) rotate3d(1,1,1,180deg); }
    33.3% { transform: translate(0,238.66666666666666px) rotate3d(1,1,1,360deg); }
    50.0% { transform: translate(0,358px) rotate3d(1,1,1,540deg); }
    66.6% { transform: translate(0,477.3333333333333px) rotate3d(1,1,1,720deg); }
    83.3% { transform: translate(0,596.6666666666666px) rotate3d(1,1,1,900deg); }
    100%  { transform: translate(0,716px) rotate3d(1,1,1,1080deg) ; }
  }
  .ld.ld-fall {
    animation: ld-fall 2.083333333333333s linear infinite;
  }
  .ld.ld-fall2 {
    animation: ld-fall 2.083333333333333s linear infinite;
    animation-fill-mode: forwards;
  }</style>

  
<g transform="translate(0 273.7788678187951)" style="transform:matrix(1, 0, 0, 1, 0, 273.779);animation-play-state:paused" ><g transform="translate(168.79846175379583 0)" style="transform:matrix(1, 0, 0, 1, 168.798, 0);animation-play-state:paused" ><g class="ld ld-fall2" style="transform:matrix3d(-0.235667, 0.918686, 0.316982, 0, 0.316982, -0.235667, 0.918686, 0, 0.918686, 0.316982, -0.235667, 0, 0, 337.179, 0, 1);animation-play-state:paused;animation-duration:1.04167s;animation-delay:-0.490482s" ><rect x="-3.3442709489123077" y="-4.540093918809804" width="6.688541897824615" height="9.080187837619608" fill="#e6261f" style="transform:matrix(2.2334, 0, 0, 2.2334, 0, 0);animation-play-state:paused" ></rect></g></g>
<g transform="translate(561.3351274825276 0)" style="transform:matrix(1, 0, 0, 1, 561.335, 0);animation-play-state:paused" ><g class="ld ld-fall2" style="transform:matrix3d(-0.220307, 0.288525, 0.931782, 0, 0.931782, -0.220307, 0.288525, 0, 0.288525, 0.931782, -0.220307, 0, 0, 380.444, 0, 1);animation-play-state:paused;animation-duration:2.08333s;animation-delay:-1.10671s" ><rect x="-5.170452175061394" y="-5.710612848006642" width="10.340904350122788" height="11.421225696013284" fill="#e6261f" style="transform:matrix(1.77495, 0, 0, 1.77495, 0, 0);animation-play-state:paused" ></rect></g></g>
<g transform="translate(495.8591241414933 0)" style="transform:matrix(1, 0, 0, 1, 495.859, 0);animation-play-state:paused" ><g class="ld ld-fall2" style="transform:matrix3d(-0.194754, 0.949763, 0.244991, 0, 0.244991, -0.194754, 0.949763, 0, 0.949763, 0.244991, -0.194754, 0, 0, 94.3961, 0, 1);animation-play-state:paused;animation-duration:1.04167s;animation-delay:-0.136782s" ><rect x="-3.431973504316735" y="-3.430199664218731" width="6.86394700863347" height="6.860399328437462" fill="#4355db" style="transform:matrix(1.93255, 0, 0, 1.93255, 0, 0);animation-play-state:paused" ></rect></g></g>
<g transform="translate(21.3649351044388 0)" style="transform:matrix(1, 0, 0, 1, 21.3649, 0);animation-play-state:paused" ><g class="ld ld-fall2" style="transform:matrix3d(0.998333, -0.0399701, 0.0416371, 0, 0.0416371, 0.998333, -0.0399701, 0, -0.0399701, 0.0416371, 0.998333, 0, 0, 713.313, 0, 1);animation-play-state:paused;animation-duration:2.08333s;animation-delay:-2.0755s" ><rect x="-5.514334231967981" y="-4.6974578834886325" width="11.028668463935961" height="9.394915766977265" fill="#d23be7" style="transform:matrix(2.75436, 0, 0, 2.75436, 0, 0);animation-play-state:paused" ></rect></g></g>
<g transform="translate(790.5560363163993 0)" style="transform:matrix(1, 0, 0, 1, 790.556, 0);animation-play-state:paused" ><g class="ld ld-fall2" style="transform:matrix3d(0.988723, -0.100103, 0.111379, 0, 0.111379, 0.988723, -0.100103, 0, -0.100103, 0.111379, 0.988723, 0, 0, 231.67, 0, 1);animation-play-state:paused;animation-duration:1.04167s;animation-delay:-0.336676s" ><rect x="-4.043070689775176" y="-5.769362931383057" width="8.086141379550352" height="11.538725862766114" fill="#d23be7" style="transform:matrix(3.30393, 0, 0, 3.30393, 0, 0);animation-play-state:paused" ></rect></g></g>
<g transform="translate(907.5891455897232 0)" style="transform:matrix(1, 0, 0, 1, 907.589, 0);animation-play-state:paused" ><g class="ld ld-fall2" style="transform:matrix3d(0.92041, 0.313362, -0.233772, 0, -0.233772, 0.92041, 0.313362, 0, 0.313362, -0.233772, 0.92041, 0, 0, 257.417, 0, 1);animation-play-state:paused;animation-duration:1.04167s;animation-delay:-0.374209s" ><rect x="-3.907058164296923" y="-4.688898700202111" width="7.814116328593846" height="9.377797400404223" fill="#4355db" style="transform:matrix(3.07146, 0, 0, 3.07146, 0, 0);animation-play-state:paused" ></rect></g></g>
<g transform="translate(885.2664892649669 0)" style="transform:matrix(1, 0, 0, 1, 885.266, 0);animation-play-state:paused" ><g class="ld ld-fall2" style="transform:matrix3d(0.0382269, 0.998591, -0.0368175, 0, -0.0368175, 0.0382269, 0.998591, 0, 0.998591, -0.0368175, 0.0382269, 0, 0, 554.419, 0, 1);animation-play-state:paused;animation-duration:1.04167s;animation-delay:-0.806121s" ><rect x="-4.8747446154112435" y="-5.271507229546469" width="9.749489230822487" height="10.543014459092937" fill="#34bbe6" style="transform:matrix(2.83513, 0, 0, 2.83513, 0, 0);animation-play-state:paused" ></rect></g></g>
<g transform="translate(943.4140051600256 0)" style="transform:matrix(1, 0, 0, 1, 943.414, 0);animation-play-state:paused" ><g class="ld ld-fall2" style="transform:matrix3d(0.967293, -0.162264, 0.194971, 0, 0.194971, 0.967293, -0.162264, 0, -0.162264, 0.194971, 0.967293, 0, 0, 704.052, 0, 1);animation-play-state:paused;animation-duration:1.04167s;animation-delay:-1.02425s" ><rect x="-4.210829661818469" y="-5.989491662836812" width="8.421659323636938" height="11.978983325673624" fill="#eb7532" style="transform:matrix(3.40789, 0, 0, 3.40789, 0, 0);animation-play-state:paused" ></rect></g></g>
<g transform="translate(495.4625439732076 0)" style="transform:matrix(1, 0, 0, 1, 495.463, 0);animation-play-state:paused" ><g class="ld ld-fall2" style="transform:matrix3d(-0.219893, 0.287783, 0.932109, 0, 0.932109, -0.219893, 0.287783, 0, 0.287783, 0.932109, -0.219893, 0, 0, 141.82, 0, 1);animation-play-state:paused;animation-duration:1.04167s;animation-delay:-0.205696s" ><rect x="-3.5881127425553103" y="-4.85533971932406" width="7.176225485110621" height="9.71067943864812" fill="#34bbe6" style="transform:matrix(1.57785, 0, 0, 1.57785, 0, 0);animation-play-state:paused" ></rect></g></g>
<g transform="translate(687.2788316726206 0)" style="transform:matrix(1, 0, 0, 1, 687.279, 0);animation-play-state:paused" ><g class="ld ld-fall2" style="transform:matrix3d(0.52737, 0.78867, -0.31604, 0, -0.31604, 0.52737, 0.78867, 0, 0.78867, -0.31604, 0.52737, 0, 0, 48.4486, 0, 1);animation-play-state:paused;animation-duration:1.04167s;animation-delay:-0.0702031s" ><rect x="-5.0005293953346595" y="-4.052668128450831" width="10.001058790669319" height="8.105336256901662" fill="#34bbe6" style="transform:matrix(2.05845, 0, 0, 2.05845, 0, 0);animation-play-state:paused" ></rect></g></g>
<g transform="translate(100.03221584394264 0)" style="transform:matrix(1, 0, 0, 1, 100.032, 0);animation-play-state:paused" ><g class="ld ld-fall2" style="transform:matrix3d(0.218511, -0.177978, 0.959467, 0, 0.959467, 0.218511, -0.177978, 0, -0.177978, 0.959467, 0.218511, 0, 0, 172.425, 0, 1);animation-play-state:paused;animation-duration:1.04167s;animation-delay:-0.250311s" ><rect x="-4.935220627724096" y="-5.734175690426914" width="9.870441255448192" height="11.468351380853829" fill="#a3e048" style="transform:matrix(1.57318, 0, 0, 1.57318, 0, 0);animation-play-state:paused" ></rect></g></g>
<g transform="translate(782.4647895965759 0)" style="transform:matrix(1, 0, 0, 1, 782.465, 0);animation-play-state:paused" ><g class="ld ld-fall2" style="transform:matrix3d(0.981497, -0.125827, 0.144329, 0, 0.144329, 0.981497, -0.125827, 0, -0.125827, 0.144329, 0.981497, 0, 0, 468.363, 0, 1);animation-play-state:paused;animation-duration:1.04167s;animation-delay:-0.680752s" ><rect x="-5.671541395366512" y="-3.5903561339968233" width="11.343082790733025" height="7.180712267993647" fill="#f7d038" style="transform:matrix(2.81585, 0, 0, 2.81585, 0, 0);animation-play-state:paused" ></rect></g></g>
<g transform="translate(193.4607239157983 0)" style="transform:matrix(1, 0, 0, 1, 193.461, 0);animation-play-state:paused" ><g class="ld ld-fall2" style="transform:matrix3d(0.755832, -0.324519, 0.568687, 0, 0.568687, 0.755832, -0.324519, 0, -0.324519, 0.568687, 0.755832, 0, 0, 205.072, 0, 1);animation-play-state:paused;animation-duration:1.04167s;animation-delay:-0.297903s" ><rect x="-3.1354255951859717" y="-3.3362371560783264" width="6.2708511903719435" height="6.672474312156653" fill="#e6261f" style="transform:matrix(3.24452, 0, 0, 3.24452, 0, 0);animation-play-state:paused" ></rect></g></g>
<g transform="translate(431.57969466604203 0)" style="transform:matrix(1, 0, 0, 1, 431.58, 0);animation-play-state:paused" ><g class="ld ld-fall2" style="transform:matrix3d(-0.243364, 0.911334, 0.33203, 0, 0.33203, -0.243364, 0.911334, 0, 0.911334, 0.33203, -0.243364, 0, 0, 576.703, 0, 1);animation-play-state:paused;animation-duration:1.04167s;animation-delay:-0.838607s" ><rect x="-4.742251037057159" y="-3.9944206379211966" width="9.484502074114317" height="7.988841275842393" fill="#d23be7" style="transform:matrix(3.24911, 0, 0, 3.24911, 0, 0);animation-play-state:paused" ></rect></g></g>
<g transform="translate(846.0024899938137 0)" style="transform:matrix(1, 0, 0, 1, 846.003, 0);animation-play-state:paused" ><g class="ld ld-fall2" style="transform:matrix3d(0.252639, -0.199425, 0.946786, 0, 0.946786, 0.252639, -0.199425, 0, -0.199425, 0.946786, 0.252639, 0, 0, 413.058, 0, 1);animation-play-state:paused;animation-duration:1.04167s;animation-delay:-0.600613s" ><rect x="-3.610357763563183" y="-3.1816456208846193" width="7.220715527126366" height="6.363291241769239" fill="#4355db" style="transform:matrix(2.76583, 0, 0, 2.76583, 0, 0);animation-play-state:paused" ></rect></g></g>
<g transform="translate(156.86312043334084 0)" style="transform:matrix(1, 0, 0, 1, 156.863, 0);animation-play-state:paused" ><g class="ld ld-fall2" style="transform:matrix3d(-0.326922, 0.743336, 0.583586, 0, 0.583586, -0.326922, 0.743336, 0, 0.743336, 0.583586, -0.326922, 0, 0, 591.395, 0, 1);animation-play-state:paused;animation-duration:1.04167s;animation-delay:-0.860023s" ><rect x="-4.932680802906066" y="-4.639390842027339" width="9.865361605812131" height="9.278781684054678" fill="#4355db" style="transform:matrix(1.52732, 0, 0, 1.52732, 0, 0);animation-play-state:paused" ></rect></g></g></g>

  
<g transform="translate(0 -442.2211321812049)" style="transform:matrix(1, 0, 0, 1, 0, -442.221);animation-play-state:paused" ><g transform="translate(168.79846175379583 0)" style="transform:matrix(1, 0, 0, 1, 168.798, 0);animation-play-state:paused" ><g class="ld ld-fall" style="transform:matrix3d(-0.235667, 0.918686, 0.316982, 0, 0.316982, -0.235667, 0.918686, 0, 0.918686, 0.316982, -0.235667, 0, 0, 337.179, 0, 1);animation-play-state:paused;animation-duration:1.04167s;animation-delay:-0.490482s" ><rect x="-3.3442709489123077" y="-4.540093918809804" width="6.688541897824615" height="9.080187837619608" fill="#e6261f" style="transform:matrix(2.2334, 0, 0, 2.2334, 0, 0);animation-play-state:paused" ></rect></g></g>
<g transform="translate(561.3351274825276 0)" style="transform:matrix(1, 0, 0, 1, 561.335, 0);animation-play-state:paused" ><g class="ld ld-fall" style="transform:matrix3d(-0.220307, 0.288525, 0.931782, 0, 0.931782, -0.220307, 0.288525, 0, 0.288525, 0.931782, -0.220307, 0, 0, 380.444, 0, 1);animation-play-state:paused;animation-duration:2.08333s;animation-delay:-1.10671s" ><rect x="-5.170452175061394" y="-5.710612848006642" width="10.340904350122788" height="11.421225696013284" fill="#e6261f" style="transform:matrix(1.77495, 0, 0, 1.77495, 0, 0);animation-play-state:paused" ></rect></g></g>
<g transform="translate(495.8591241414933 0)" style="transform:matrix(1, 0, 0, 1, 495.859, 0);animation-play-state:paused" ><g class="ld ld-fall" style="transform:matrix3d(-0.194754, 0.949763, 0.244991, 0, 0.244991, -0.194754, 0.949763, 0, 0.949763, 0.244991, -0.194754, 0, 0, 94.3961, 0, 1);animation-play-state:paused;animation-duration:1.04167s;animation-delay:-0.136782s" ><rect x="-3.431973504316735" y="-3.430199664218731" width="6.86394700863347" height="6.860399328437462" fill="#4355db" style="transform:matrix(1.93255, 0, 0, 1.93255, 0, 0);animation-play-state:paused" ></rect></g></g>
<g transform="translate(21.3649351044388 0)" style="transform:matrix(1, 0, 0, 1, 21.3649, 0);animation-play-state:paused" ><g class="ld ld-fall" style="transform:matrix3d(0.998333, -0.0399701, 0.0416371, 0, 0.0416371, 0.998333, -0.0399701, 0, -0.0399701, 0.0416371, 0.998333, 0, 0, 713.313, 0, 1);animation-play-state:paused;animation-duration:2.08333s;animation-delay:-2.0755s" ><rect x="-5.514334231967981" y="-4.6974578834886325" width="11.028668463935961" height="9.394915766977265" fill="#d23be7" style="transform:matrix(2.75436, 0, 0, 2.75436, 0, 0);animation-play-state:paused" ></rect></g></g>
<g transform="translate(790.5560363163993 0)" style="transform:matrix(1, 0, 0, 1, 790.556, 0);animation-play-state:paused" ><g class="ld ld-fall" style="transform:matrix3d(0.988723, -0.100103, 0.111379, 0, 0.111379, 0.988723, -0.100103, 0, -0.100103, 0.111379, 0.988723, 0, 0, 231.67, 0, 1);animation-play-state:paused;animation-duration:1.04167s;animation-delay:-0.336676s" ><rect x="-4.043070689775176" y="-5.769362931383057" width="8.086141379550352" height="11.538725862766114" fill="#d23be7" style="transform:matrix(3.30393, 0, 0, 3.30393, 0, 0);animation-play-state:paused" ></rect></g></g>
<g transform="translate(907.5891455897232 0)" style="transform:matrix(1, 0, 0, 1, 907.589, 0);animation-play-state:paused" ><g class="ld ld-fall" style="transform:matrix3d(0.92041, 0.313362, -0.233772, 0, -0.233772, 0.92041, 0.313362, 0, 0.313362, -0.233772, 0.92041, 0, 0, 257.417, 0, 1);animation-play-state:paused;animation-duration:1.04167s;animation-delay:-0.374209s" ><rect x="-3.907058164296923" y="-4.688898700202111" width="7.814116328593846" height="9.377797400404223" fill="#4355db" style="transform:matrix(3.07146, 0, 0, 3.07146, 0, 0);animation-play-state:paused" ></rect></g></g>
<g transform="translate(885.2664892649669 0)" style="transform:matrix(1, 0, 0, 1, 885.266, 0);animation-play-state:paused" ><g class="ld ld-fall" style="transform:matrix3d(0.0382269, 0.998591, -0.0368175, 0, -0.0368175, 0.0382269, 0.998591, 0, 0.998591, -0.0368175, 0.0382269, 0, 0, 554.419, 0, 1);animation-play-state:paused;animation-duration:1.04167s;animation-delay:-0.806121s" ><rect x="-4.8747446154112435" y="-5.271507229546469" width="9.749489230822487" height="10.543014459092937" fill="#34bbe6" style="transform:matrix(2.83513, 0, 0, 2.83513, 0, 0);animation-play-state:paused" ></rect></g></g>
<g transform="translate(943.4140051600256 0)" style="transform:matrix(1, 0, 0, 1, 943.414, 0);animation-play-state:paused" ><g class="ld ld-fall" style="transform:matrix3d(0.967293, -0.162264, 0.194971, 0, 0.194971, 0.967293, -0.162264, 0, -0.162264, 0.194971, 0.967293, 0, 0, 704.052, 0, 1);animation-play-state:paused;animation-duration:1.04167s;animation-delay:-1.02425s" ><rect x="-4.210829661818469" y="-5.989491662836812" width="8.421659323636938" height="11.978983325673624" fill="#eb7532" style="transform:matrix(3.40789, 0, 0, 3.40789, 0, 0);animation-play-state:paused" ></rect></g></g>
<g transform="translate(495.4625439732076 0)" style="transform:matrix(1, 0, 0, 1, 495.463, 0);animation-play-state:paused" ><g class="ld ld-fall" style="transform:matrix3d(-0.219893, 0.287783, 0.932109, 0, 0.932109, -0.219893, 0.287783, 0, 0.287783, 0.932109, -0.219893, 0, 0, 141.82, 0, 1);animation-play-state:paused;animation-duration:1.04167s;animation-delay:-0.205696s" ><rect x="-3.5881127425553103" y="-4.85533971932406" width="7.176225485110621" height="9.71067943864812" fill="#34bbe6" style="transform:matrix(1.57785, 0, 0, 1.57785, 0, 0);animation-play-state:paused" ></rect></g></g>
<g transform="translate(687.2788316726206 0)" style="transform:matrix(1, 0, 0, 1, 687.279, 0);animation-play-state:paused" ><g class="ld ld-fall" style="transform:matrix3d(0.52737, 0.78867, -0.31604, 0, -0.31604, 0.52737, 0.78867, 0, 0.78867, -0.31604, 0.52737, 0, 0, 48.4486, 0, 1);animation-play-state:paused;animation-duration:1.04167s;animation-delay:-0.0702031s" ><rect x="-5.0005293953346595" y="-4.052668128450831" width="10.001058790669319" height="8.105336256901662" fill="#34bbe6" style="transform:matrix(2.05845, 0, 0, 2.05845, 0, 0);animation-play-state:paused" ></rect></g></g>
<g transform="translate(100.03221584394264 0)" style="transform:matrix(1, 0, 0, 1, 100.032, 0);animation-play-state:paused" ><g class="ld ld-fall" style="transform:matrix3d(0.218511, -0.177978, 0.959467, 0, 0.959467, 0.218511, -0.177978, 0, -0.177978, 0.959467, 0.218511, 0, 0, 172.425, 0, 1);animation-play-state:paused;animation-duration:1.04167s;animation-delay:-0.250311s" ><rect x="-4.935220627724096" y="-5.734175690426914" width="9.870441255448192" height="11.468351380853829" fill="#a3e048" style="transform:matrix(1.57318, 0, 0, 1.57318, 0, 0);animation-play-state:paused" ></rect></g></g>
<g transform="translate(782.4647895965759 0)" style="transform:matrix(1, 0, 0, 1, 782.465, 0);animation-play-state:paused" ><g class="ld ld-fall" style="transform:matrix3d(0.981497, -0.125827, 0.144329, 0, 0.144329, 0.981497, -0.125827, 0, -0.125827, 0.144329, 0.981497, 0, 0, 468.363, 0, 1);animation-play-state:paused;animation-duration:1.04167s;animation-delay:-0.680752s" ><rect x="-5.671541395366512" y="-3.5903561339968233" width="11.343082790733025" height="7.180712267993647" fill="#f7d038" style="transform:matrix(2.81585, 0, 0, 2.81585, 0, 0);animation-play-state:paused" ></rect></g></g>
<g transform="translate(193.4607239157983 0)" style="transform:matrix(1, 0, 0, 1, 193.461, 0);animation-play-state:paused" ><g class="ld ld-fall" style="transform:matrix3d(0.755832, -0.324519, 0.568687, 0, 0.568687, 0.755832, -0.324519, 0, -0.324519, 0.568687, 0.755832, 0, 0, 205.072, 0, 1);animation-play-state:paused;animation-duration:1.04167s;animation-delay:-0.297903s" ><rect x="-3.1354255951859717" y="-3.3362371560783264" width="6.2708511903719435" height="6.672474312156653" fill="#e6261f" style="transform:matrix(3.24452, 0, 0, 3.24452, 0, 0);animation-play-state:paused" ></rect></g></g>
<g transform="translate(431.57969466604203 0)" style="transform:matrix(1, 0, 0, 1, 431.58, 0);animation-play-state:paused" ><g class="ld ld-fall" style="transform:matrix3d(-0.243364, 0.911334, 0.33203, 0, 0.33203, -0.243364, 0.911334, 0, 0.911334, 0.33203, -0.243364, 0, 0, 576.703, 0, 1);animation-play-state:paused;animation-duration:1.04167s;animation-delay:-0.838607s" ><rect x="-4.742251037057159" y="-3.9944206379211966" width="9.484502074114317" height="7.988841275842393" fill="#d23be7" style="transform:matrix(3.24911, 0, 0, 3.24911, 0, 0);animation-play-state:paused" ></rect></g></g>
<g transform="translate(846.0024899938137 0)" style="transform:matrix(1, 0, 0, 1, 846.003, 0);animation-play-state:paused" ><g class="ld ld-fall" style="transform:matrix3d(0.252639, -0.199425, 0.946786, 0, 0.946786, 0.252639, -0.199425, 0, -0.199425, 0.946786, 0.252639, 0, 0, 413.058, 0, 1);animation-play-state:paused;animation-duration:1.04167s;animation-delay:-0.600613s" ><rect x="-3.610357763563183" y="-3.1816456208846193" width="7.220715527126366" height="6.363291241769239" fill="#4355db" style="transform:matrix(2.76583, 0, 0, 2.76583, 0, 0);animation-play-state:paused" ></rect></g></g>
<g transform="translate(156.86312043334084 0)" style="transform:matrix(1, 0, 0, 1, 156.863, 0);animation-play-state:paused" ><g class="ld ld-fall" style="transform:matrix3d(-0.326922, 0.743336, 0.583586, 0, 0.583586, -0.326922, 0.743336, 0, 0.743336, 0.583586, -0.326922, 0, 0, 591.395, 0, 1);animation-play-state:paused;animation-duration:1.04167s;animation-delay:-0.860023s" ><rect x="-4.932680802906066" y="-4.639390842027339" width="9.865361605812131" height="9.278781684054678" fill="#4355db" style="transform:matrix(1.52732, 0, 0, 1.52732, 0, 0);animation-play-state:paused" ></rect></g></g></g></g></svg>