<?xml version="1.0" encoding="utf-8"?><svg xmlns="http://www.w3.org/2000/svg" xmlns:xlink="http://www.w3.org/1999/xlink" width="2045" height="704" preserveAspectRatio="xMidYMid" viewBox="0 0 2045 704" style="z-index:1;margin-right:-2px;display:block;background-color:rgb(255, 255, 255);animation-play-state:paused" ><g transform="translate(1022.5,352) scale(1,1) translate(-1022.5,-352)" style="transform:matrix(1, 0, 0, 1, 0, 0);animation-play-state:paused" ><style type="text/css" style="animation-play-state:paused" >@keyframes ld-fall {
    0%    { transform: translate(0,0px) rotate3d(1,1,1,0deg); }
    16.6% { transform: translate(0,119.33333333333333px) rotate3d(1,1,1,180deg); }
    33.3% { transform: translate(0,238.66666666666666px) rotate3d(1,1,1,360deg); }
    50.0% { transform: translate(0,358px) rotate3d(1,1,1,540deg); }
    66.6% { transform: translate(0,477.3333333333333px) rotate3d(1,1,1,720deg); }
    83.3% { transform: translate(0,596.6666666666666px) rotate3d(1,1,1,900deg); }
    100%  { transform: translate(0,716px) rotate3d(1,1,1,1080deg) ; }
  }
  .ld.ld-fall {
    animation: ld-fall 33.333333333333336s linear infinite;
  }
  .ld.ld-fall2 {
    animation: ld-fall 33.333333333333336s linear infinite;
    animation-fill-mode: forwards;
  }</style>

  
<g transform="translate(0 607.0974110489113)" style="transform:matrix(1, 0, 0, 1, 0, 607.097);animation-play-state:paused" ><g transform="translate(1028.9860078079541 0)" style="transform:matrix(1, 0, 0, 1, 1028.99, 0);animation-play-state:paused" ><g class="ld ld-fall2" style="transform:matrix3d(0.972999, -0.149148, 0.17615, 0, 0.17615, 0.972999, -0.149148, 0, -0.149148, 0.17615, 0.972999, 0, 0, 466.486, 0, 1);animation-play-state:paused;animation-duration:16.6667s;animation-delay:-10.8485s" ><rect x="-3.2896966250213002" y="-5.181507516162053" width="6.5793932500426004" height="10.363015032324107" fill="#d23be7" style="transform:matrix(2.51092, 0, 0, 2.51092, 0, 0);animation-play-state:paused" ></rect></g></g>
<g transform="translate(375.5677944847846 0)" style="transform:matrix(1, 0, 0, 1, 375.568, 0);animation-play-state:paused" ><g class="ld ld-fall2" style="transform:matrix3d(-0.314917, 0.792224, 0.522694, 0, 0.522694, -0.314917, 0.792224, 0, 0.792224, 0.522694, -0.314917, 0, 0, 110.384, 0, 1);animation-play-state:paused;animation-duration:16.6667s;animation-delay:-2.55919s" ><rect x="-3.1220193358832393" y="-3.5019110661136055" width="6.244038671766479" height="7.003822132227211" fill="#e6261f" style="transform:matrix(3.39603, 0, 0, 3.39603, 0, 0);animation-play-state:paused" ></rect></g></g>
<g transform="translate(1378.0829819109495 0)" style="transform:matrix(1, 0, 0, 1, 1378.08, 0);animation-play-state:paused" ><g class="ld ld-fall2" style="transform:matrix3d(0.927218, 0.298706, -0.225924, 0, -0.225924, 0.927218, 0.298706, 0, 0.298706, -0.225924, 0.927218, 0, 0, 256.582, 0, 1);animation-play-state:paused;animation-duration:33.3333s;animation-delay:-11.9357s" ><rect x="-5.473044077593999" y="-5.829462131915982" width="10.946088155187997" height="11.658924263831963" fill="#e6261f" style="transform:matrix(2.56354, 0, 0, 2.56354, 0, 0);animation-play-state:paused" ></rect></g></g>
<g transform="translate(1734.0546902974372 0)" style="transform:matrix(1, 0, 0, 1, 1734.05, 0);animation-play-state:paused" ><g class="ld ld-fall2" style="transform:matrix3d(-0.0862708, 0.0944901, 0.991781, 0, 0.991781, -0.0862708, 0.0944901, 0, 0.0944901, 0.991781, -0.0862708, 0, 0, 153.14, 0, 1);animation-play-state:paused;animation-duration:16.6667s;animation-delay:-3.55518s" ><rect x="-4.348211538414868" y="-3.2393720426324437" width="8.696423076829737" height="6.478744085264887" fill="#eb7532" style="transform:matrix(1.97637, 0, 0, 1.97637, 0, 0);animation-play-state:paused" ></rect></g></g>
<g transform="translate(1111.8039544586445 0)" style="transform:matrix(1, 0, 0, 1, 1111.8, 0);animation-play-state:paused" ><g class="ld ld-fall2" style="transform:matrix3d(0.523397, -0.315088, 0.791691, 0, 0.791691, 0.523397, -0.315088, 0, -0.315088, 0.791691, 0.523397, 0, 0, 189.982, 0, 1);animation-play-state:paused;animation-duration:16.6667s;animation-delay:-4.41447s" ><rect x="-4.708008969463889" y="-4.802122776160639" width="9.416017938927778" height="9.604245552321277" fill="#e6261f" style="transform:matrix(1.93567, 0, 0, 1.93567, 0, 0);animation-play-state:paused" ></rect></g></g>
<g transform="translate(590.3631937506154 0)" style="transform:matrix(1, 0, 0, 1, 590.363, 0);animation-play-state:paused" ><g class="ld ld-fall2" style="transform:matrix3d(0.963972, -0.169215, 0.205244, 0, 0.205244, 0.963972, -0.169215, 0, -0.169215, 0.205244, 0.963972, 0, 0, 226.122, 0, 1);animation-play-state:paused;animation-duration:33.3333s;animation-delay:-10.5148s" ><rect x="-4.387386272378944" y="-4.183741576778253" width="8.774772544757887" height="8.367483153556506" fill="#e6261f" style="transform:matrix(2.69854, 0, 0, 2.69854, 0, 0);animation-play-state:paused" ></rect></g></g>
<g transform="translate(1531.6595529508204 0)" style="transform:matrix(1, 0, 0, 1, 1531.66, 0);animation-play-state:paused" ><g class="ld ld-fall2" style="transform:matrix3d(0.340262, -0.24745, 0.907188, 0, 0.907188, 0.340262, -0.24745, 0, -0.24745, 0.907188, 0.340262, 0, 0, 418.061, 0, 1);animation-play-state:paused;animation-duration:16.6667s;animation-delay:-9.72582s" ><rect x="-5.3301334555655675" y="-5.754238333216361" width="10.660266911131135" height="11.508476666432722" fill="#f7d038" style="transform:matrix(3.00245, 0, 0, 3.00245, 0, 0);animation-play-state:paused" ></rect></g></g>
<g transform="translate(938.6107896746092 0)" style="transform:matrix(1, 0, 0, 1, 938.611, 0);animation-play-state:paused" ><g class="ld ld-fall2" style="transform:matrix3d(0.283348, 0.934051, -0.217399, 0, -0.217399, 0.283348, 0.934051, 0, 0.934051, -0.217399, 0.283348, 0, 0, 62.5174, 0, 1);animation-play-state:paused;animation-duration:33.3333s;animation-delay:-2.89885s" ><rect x="-3.945987757268531" y="-3.9356862192838955" width="7.891975514537062" height="7.871372438567791" fill="#e6261f" style="transform:matrix(3.44343, 0, 0, 3.44343, 0, 0);animation-play-state:paused" ></rect></g></g>
<g transform="translate(277.5038494708751 0)" style="transform:matrix(1, 0, 0, 1, 277.504, 0);animation-play-state:paused" ><g class="ld ld-fall2" style="transform:matrix3d(0.976911, 0.162173, -0.139084, 0, -0.139084, 0.976911, 0.162173, 0, 0.162173, -0.139084, 0.976911, 0, 0, 248.693, 0, 1);animation-play-state:paused;animation-duration:33.3333s;animation-delay:-11.5677s" ><rect x="-3.1431266542259726" y="-5.79674211168639" width="6.286253308451945" height="11.59348422337278" fill="#d23be7" style="transform:matrix(1.90597, 0, 0, 1.90597, 0, 0);animation-play-state:paused" ></rect></g></g>
<g transform="translate(601.420895134888 0)" style="transform:matrix(1, 0, 0, 1, 601.421, 0);animation-play-state:paused" ><g class="ld ld-fall2" style="transform:matrix3d(0.31363, -0.233913, 0.920283, 0, 0.920283, 0.31363, -0.233913, 0, -0.233913, 0.920283, 0.31363, 0, 0, 177.877, 0, 1);animation-play-state:paused;animation-duration:33.3333s;animation-delay:-8.26429s" ><rect x="-4.978730050241683" y="-5.468092271677272" width="9.957460100483367" height="10.936184543354544" fill="#34bbe6" style="transform:matrix(2.21911, 0, 0, 2.21911, 0, 0);animation-play-state:paused" ></rect></g></g>
<g transform="translate(788.0317028546372 0)" style="transform:matrix(1, 0, 0, 1, 788.032, 0);animation-play-state:paused" ><g class="ld ld-fall2" style="transform:matrix3d(0.740033, -0.327488, 0.587455, 0, 0.587455, 0.740033, -0.327488, 0, -0.327488, 0.587455, 0.740033, 0, 0, 681.256, 0, 1);animation-play-state:paused;animation-duration:16.6667s;animation-delay:-15.8563s" ><rect x="-5.339133029602997" y="-3.6661972821105957" width="10.678266059205994" height="7.332394564221191" fill="#4355db" style="transform:matrix(3.349, 0, 0, 3.349, 0, 0);animation-play-state:paused" ></rect></g></g>
<g transform="translate(1200.8011156818186 0)" style="transform:matrix(1, 0, 0, 1, 1200.8, 0);animation-play-state:paused" ><g class="ld ld-fall2" style="transform:matrix3d(0.48656, 0.818614, -0.305174, 0, -0.305174, 0.48656, 0.818614, 0, 0.818614, -0.305174, 0.48656, 0, 0, 528.191, 0, 1);animation-play-state:paused;animation-duration:33.3333s;animation-delay:-24.5724s" ><rect x="-4.786215960632795" y="-3.1797037144486477" width="9.57243192126559" height="6.3594074288972955" fill="#d23be7" style="transform:matrix(2.84534, 0, 0, 2.84534, 0, 0);animation-play-state:paused" ></rect></g></g></g>

  
<g transform="translate(0 -108.90258895108866)" style="transform:matrix(1, 0, 0, 1, 0, -108.903);animation-play-state:paused" ><g transform="translate(1028.9860078079541 0)" style="transform:matrix(1, 0, 0, 1, 1028.99, 0);animation-play-state:paused" ><g class="ld ld-fall" style="transform:matrix3d(0.972999, -0.149148, 0.17615, 0, 0.17615, 0.972999, -0.149148, 0, -0.149148, 0.17615, 0.972999, 0, 0, 466.486, 0, 1);animation-play-state:paused;animation-duration:16.6667s;animation-delay:-10.8485s" ><rect x="-3.2896966250213002" y="-5.181507516162053" width="6.5793932500426004" height="10.363015032324107" fill="#d23be7" style="transform:matrix(2.51092, 0, 0, 2.51092, 0, 0);animation-play-state:paused" ></rect></g></g>
<g transform="translate(375.5677944847846 0)" style="transform:matrix(1, 0, 0, 1, 375.568, 0);animation-play-state:paused" ><g class="ld ld-fall" style="transform:matrix3d(-0.314917, 0.792224, 0.522694, 0, 0.522694, -0.314917, 0.792224, 0, 0.792224, 0.522694, -0.314917, 0, 0, 110.384, 0, 1);animation-play-state:paused;animation-duration:16.6667s;animation-delay:-2.55919s" ><rect x="-3.1220193358832393" y="-3.5019110661136055" width="6.244038671766479" height="7.003822132227211" fill="#e6261f" style="transform:matrix(3.39603, 0, 0, 3.39603, 0, 0);animation-play-state:paused" ></rect></g></g>
<g transform="translate(1378.0829819109495 0)" style="transform:matrix(1, 0, 0, 1, 1378.08, 0);animation-play-state:paused" ><g class="ld ld-fall" style="transform:matrix3d(0.927218, 0.298706, -0.225924, 0, -0.225924, 0.927218, 0.298706, 0, 0.298706, -0.225924, 0.927218, 0, 0, 256.582, 0, 1);animation-play-state:paused;animation-duration:33.3333s;animation-delay:-11.9357s" ><rect x="-5.473044077593999" y="-5.829462131915982" width="10.946088155187997" height="11.658924263831963" fill="#e6261f" style="transform:matrix(2.56354, 0, 0, 2.56354, 0, 0);animation-play-state:paused" ></rect></g></g>
<g transform="translate(1734.0546902974372 0)" style="transform:matrix(1, 0, 0, 1, 1734.05, 0);animation-play-state:paused" ><g class="ld ld-fall" style="transform:matrix3d(-0.0862708, 0.0944901, 0.991781, 0, 0.991781, -0.0862708, 0.0944901, 0, 0.0944901, 0.991781, -0.0862708, 0, 0, 153.14, 0, 1);animation-play-state:paused;animation-duration:16.6667s;animation-delay:-3.55518s" ><rect x="-4.348211538414868" y="-3.2393720426324437" width="8.696423076829737" height="6.478744085264887" fill="#eb7532" style="transform:matrix(1.97637, 0, 0, 1.97637, 0, 0);animation-play-state:paused" ></rect></g></g>
<g transform="translate(1111.8039544586445 0)" style="transform:matrix(1, 0, 0, 1, 1111.8, 0);animation-play-state:paused" ><g class="ld ld-fall" style="transform:matrix3d(0.523397, -0.315088, 0.791691, 0, 0.791691, 0.523397, -0.315088, 0, -0.315088, 0.791691, 0.523397, 0, 0, 189.982, 0, 1);animation-play-state:paused;animation-duration:16.6667s;animation-delay:-4.41447s" ><rect x="-4.708008969463889" y="-4.802122776160639" width="9.416017938927778" height="9.604245552321277" fill="#e6261f" style="transform:matrix(1.93567, 0, 0, 1.93567, 0, 0);animation-play-state:paused" ></rect></g></g>
<g transform="translate(590.3631937506154 0)" style="transform:matrix(1, 0, 0, 1, 590.363, 0);animation-play-state:paused" ><g class="ld ld-fall" style="transform:matrix3d(0.963972, -0.169215, 0.205244, 0, 0.205244, 0.963972, -0.169215, 0, -0.169215, 0.205244, 0.963972, 0, 0, 226.122, 0, 1);animation-play-state:paused;animation-duration:33.3333s;animation-delay:-10.5148s" ><rect x="-4.387386272378944" y="-4.183741576778253" width="8.774772544757887" height="8.367483153556506" fill="#e6261f" style="transform:matrix(2.69854, 0, 0, 2.69854, 0, 0);animation-play-state:paused" ></rect></g></g>
<g transform="translate(1531.6595529508204 0)" style="transform:matrix(1, 0, 0, 1, 1531.66, 0);animation-play-state:paused" ><g class="ld ld-fall" style="transform:matrix3d(0.340262, -0.24745, 0.907188, 0, 0.907188, 0.340262, -0.24745, 0, -0.24745, 0.907188, 0.340262, 0, 0, 418.061, 0, 1);animation-play-state:paused;animation-duration:16.6667s;animation-delay:-9.72582s" ><rect x="-5.3301334555655675" y="-5.754238333216361" width="10.660266911131135" height="11.508476666432722" fill="#f7d038" style="transform:matrix(3.00245, 0, 0, 3.00245, 0, 0);animation-play-state:paused" ></rect></g></g>
<g transform="translate(938.6107896746092 0)" style="transform:matrix(1, 0, 0, 1, 938.611, 0);animation-play-state:paused" ><g class="ld ld-fall" style="transform:matrix3d(0.283348, 0.934051, -0.217399, 0, -0.217399, 0.283348, 0.934051, 0, 0.934051, -0.217399, 0.283348, 0, 0, 62.5174, 0, 1);animation-play-state:paused;animation-duration:33.3333s;animation-delay:-2.89885s" ><rect x="-3.945987757268531" y="-3.9356862192838955" width="7.891975514537062" height="7.871372438567791" fill="#e6261f" style="transform:matrix(3.44343, 0, 0, 3.44343, 0, 0);animation-play-state:paused" ></rect></g></g>
<g transform="translate(277.5038494708751 0)" style="transform:matrix(1, 0, 0, 1, 277.504, 0);animation-play-state:paused" ><g class="ld ld-fall" style="transform:matrix3d(0.976911, 0.162173, -0.139084, 0, -0.139084, 0.976911, 0.162173, 0, 0.162173, -0.139084, 0.976911, 0, 0, 248.693, 0, 1);animation-play-state:paused;animation-duration:33.3333s;animation-delay:-11.5677s" ><rect x="-3.1431266542259726" y="-5.79674211168639" width="6.286253308451945" height="11.59348422337278" fill="#d23be7" style="transform:matrix(1.90597, 0, 0, 1.90597, 0, 0);animation-play-state:paused" ></rect></g></g>
<g transform="translate(601.420895134888 0)" style="transform:matrix(1, 0, 0, 1, 601.421, 0);animation-play-state:paused" ><g class="ld ld-fall" style="transform:matrix3d(0.31363, -0.233913, 0.920283, 0, 0.920283, 0.31363, -0.233913, 0, -0.233913, 0.920283, 0.31363, 0, 0, 177.877, 0, 1);animation-play-state:paused;animation-duration:33.3333s;animation-delay:-8.26429s" ><rect x="-4.978730050241683" y="-5.468092271677272" width="9.957460100483367" height="10.936184543354544" fill="#34bbe6" style="transform:matrix(2.21911, 0, 0, 2.21911, 0, 0);animation-play-state:paused" ></rect></g></g>
<g transform="translate(788.0317028546372 0)" style="transform:matrix(1, 0, 0, 1, 788.032, 0);animation-play-state:paused" ><g class="ld ld-fall" style="transform:matrix3d(0.740033, -0.327488, 0.587455, 0, 0.587455, 0.740033, -0.327488, 0, -0.327488, 0.587455, 0.740033, 0, 0, 681.256, 0, 1);animation-play-state:paused;animation-duration:16.6667s;animation-delay:-15.8563s" ><rect x="-5.339133029602997" y="-3.6661972821105957" width="10.678266059205994" height="7.332394564221191" fill="#4355db" style="transform:matrix(3.349, 0, 0, 3.349, 0, 0);animation-play-state:paused" ></rect></g></g>
<g transform="translate(1200.8011156818186 0)" style="transform:matrix(1, 0, 0, 1, 1200.8, 0);animation-play-state:paused" ><g class="ld ld-fall" style="transform:matrix3d(0.48656, 0.818614, -0.305174, 0, -0.305174, 0.48656, 0.818614, 0, 0.818614, -0.305174, 0.48656, 0, 0, 528.191, 0, 1);animation-play-state:paused;animation-duration:33.3333s;animation-delay:-24.5724s" ><rect x="-4.786215960632795" y="-3.1797037144486477" width="9.57243192126559" height="6.3594074288972955" fill="#d23be7" style="transform:matrix(2.84534, 0, 0, 2.84534, 0, 0);animation-play-state:paused" ></rect></g></g></g></g></svg>